Carlos Mario:
01000011 01100001 01110010
01101100 01101111 01110011
00100000 01001101 01100001
01110010 01101001 01101111

Carlos Mario Solano:
01000011 01100001 01110010
01101100 01101111 01110011
00100000 01001101 01100001
01110010 01101001 01101111
00100000 01010011 01101111
01101100 01100001 01101110
01101111

Carlos Mario Solano Moya:
01000011 01100001 01110010
01101100 01101111 01110011
00100000 01001101 01100001
01110010 01101001 01101111
00100000 01010011 01101111
01101100 01100001 01101110
01101111 00100000 01001101
01101111 01111001 01100001

Carlos Mario Solano Moya :
01000011 01100001 01110010
01101100 01101111 01110011
00100000 01001101 01100001
01110010 01101001 01101111
00100000 01010011 01101111
01101100 01100001 01101110
01101111 00100000 01001101
01101111 01111001 01100001
00100000

Carlos Mario Solano Moya X:
01000011 01100001 01110010
01101100 01101111 01110011
00100000 01001101 01100001
01110010 01101001 01101111
00100000 01010011 01101111
01101100 01100001 01101110
01101111 00100000 01001101
01101111 01111001 01100001
00100000 01011000